-1.281672
-1.094857
-0.346350
-1.539715
-1.049967
-0.982099
-0.929730
-0.202342
-0.287525
-1.576304
-0.696361
-1.530266
-1.951535
-0.362168
-0.574826
-1.780939
-0.142321
-1.914173
-1.364519
-0.555214
-1.604809
-0.492908
-0.182539
-0.808129
-1.565317
-0.600684
-0.664708
-0.287557
-1.516217
-0.482647
-1.078744
-1.794186
-1.002486
-1.380169
-1.096769
-1.239822
-0.387908
-1.223328
-1.034403
-1.425457
-1.655917
-0.040745
-1.029772
-1.365998
-0.828016
-1.956110
-0.269898
-0.628976
-1.060314
-1.611727
-0.683912
-0.876902
-0.688007
-0.025282
-0.504442
-1.375328
-0.324012
-1.137862
-0.438314
-0.576430
-0.300976
-1.474714
-1.525950
-0.791229
-1.534097
-0.696600
-0.619013
-1.767866
-0.766948
-1.661137
-0.168049
-0.223046
-1.840066
-0.460769
-1.591916
-1.491320
-1.675880
-1.973955
-0.548054
-0.828857
-0.964060
-1.987155
-0.605103
-0.310379
-1.611661
-1.221352
-1.905580
-0.560453
-0.699374
-0.479931
-1.915162
-1.408115
-1.467906
-0.692034
-0.680614
-1.281308
-0.188252
-1.353406
-0.654646
-1.297687
-0.838949
-0.779401
-1.088552
-1.995829
-0.218994
-1.155555
-0.949684
-1.468099
-0.788212
-0.727490
-1.330547
-1.215241
-1.399875
-0.127958
-0.535293
-0.314638
-0.951317
-0.505656
-1.120777
-1.083116
-0.352110
-0.620927
-1.970308
-1.415744
-1.145494
-1.894247
-0.199799
-0.106376
-1.731565
-1.546322
-0.403134
-0.874502
-1.177228
-0.202461
-1.998246
-1.517134
-1.205246
-0.898934
-0.661311
-1.407511
-1.371358
-0.536681
-0.821558
-0.061611
-1.380983
-0.727573
-1.806155
-1.921465
-0.324527
-1.209237
-0.080283
-1.150835
-1.198337
-1.882369
-0.910350
-0.930791
-1.253064
-1.108052
-1.396563
-0.707977
-1.055786
-0.799677
-1.628790
-1.512545
-0.627182
-0.675854
-0.541195
-0.966864
-0.846919
-0.587579
-0.456037
-0.323565
-1.385106
-1.686238
-1.420100
-0.490464
-0.186147
-1.502842
-1.817484
-1.142561
-0.350483
-0.668424
-1.202620
-0.650951
-1.205445
-0.797209
-1.226135
-1.558518
-1.909167
-1.520305
-0.738070
-1.417306
-1.916935
-0.121891
-1.105245
-1.096845
-0.913173
-0.733190
-0.819958
-1.091638
-0.116643
-1.395716
-1.034387
-0.182329
-1.009779
-1.111307
-1.233604
-0.587831
-0.152049
-0.696267
-1.409710
-0.831356
-0.988282
-1.361697
-1.245031
-1.271602
-0.585883
-1.623884
-1.790600
-1.419415
-1.130103
-0.610715
-1.491635
-1.629214
-1.649174
-1.470705
-1.856285
-0.264188
-1.453161
-0.423591
-0.254905
-0.005187
-1.360602
-1.441661
-0.188544
-1.866262
-0.818922
-0.197791
-0.271828
-0.629388
-1.641581
-1.934369
-1.853573
-0.991535
-1.710634
-1.489609
-1.529316
-1.366182
-1.567925
-1.152148
-1.878533
-1.948344
-0.972023
-0.300967
-1.141009
-0.999274
-0.460329
-1.587750
-1.233892
-0.623115
-0.150898
-0.755918
-1.401136
-0.276711
-0.497143
-1.773022
-0.319494
-1.699139
-0.198979
-1.587115
-1.114509
-0.764407
-0.923028
-0.973077
-1.736029
-0.697543
-0.953452
-1.789222
-0.073020
-0.341122
-1.886331
-0.520565
-1.355135
-1.594267
-0.020179
-1.174672
-1.654266
-1.946573
-1.300922
-1.941921
-0.017221
-1.937143
-0.557175
-1.118050
-0.180471
-1.915106
-1.138172
-1.165847
-1.353453
-1.851178
-1.022772
-0.977376
-1.166509
-1.836197
-0.950333
-1.487056
-0.784760
-0.397660
-0.146324
-1.167727
-1.638561
-1.783974
-1.336462
-1.536322
-0.724804
-0.664051
-1.828153
-1.763601
-1.023706
-0.625558
-0.944182
-0.860869
-1.803490
-1.627312
-1.721916
-1.601247
-0.179941
-0.173976
-0.163182
-1.450326
-1.075695
-0.688156
-0.605885
-1.809321
-0.907151
-0.540594
-1.385987
-1.050816
-1.356686
-1.858607
-0.547720
-0.710039
-0.645653
-0.832959
-1.435264
-0.397132
-1.531209
-0.970644
-1.036452
-1.985372
-0.683185
-0.724397
-1.703833
-1.888847
-1.516747
-1.160902
-0.781162
-1.395220
-1.269691
-1.386249
-0.795416
-1.760823
-1.416304
-1.785076
-1.687418
-0.681347
-0.275161
-0.455447
-1.290826
-1.901066
-0.871183
-0.960945
-0.533189
-1.457582
-1.623148
-0.140847
-1.201272
-0.386625
-0.346790
-1.433612
-1.654976
-1.106471
-0.239656
-0.692464
-1.856222
-1.973490
-0.289785
-1.654406
-1.922178
-1.550071
-0.061738
-0.236241
-1.691360
-0.909269
-1.501546
-0.315371
-1.828986
-1.711013
-1.523730
-0.454125
-1.036114
-0.722691
-1.905772
-1.906158
-0.563897
-1.179396
-1.008336
-0.966144
-1.318707
-1.600426
-0.988390
-1.035245
-0.590271
-0.761775
-1.055446
-0.951967
-1.894102
-0.981854
-1.891178
-1.179716
-0.704605
-1.479559
-1.737397
-0.627362
-1.960874
-0.450897
-0.829297
-0.553899
-0.077852
-1.065938
-0.713177
-1.811138
-1.296528
-0.637552
-1.214992
-1.362187
-0.891848
-1.216972
-0.083040
-0.966725
-1.623722
-0.969742
-1.386978
-1.769638
-1.193134
-1.188249
-0.450881
-1.225921
-0.693807
-0.643780
-0.302647
-1.946569
-0.993583
-0.777155
-1.880568
-1.522171
-0.628601
-0.471679
-1.934684
-0.963568
-0.377991
-0.716643
-1.970333
-0.516813
-0.029705
-1.721798
-0.032226
-1.566451
-1.546467
-1.363209
-0.639299
-1.443272
-1.758958
-1.966888
-1.142985
-0.705467
-1.802057
-1.279252
-0.480554
-0.179259
-1.826099
-1.865378
-0.808346
-1.396432
-0.828480
-0.815414
-1.287946
-1.135706
-0.546595
-0.396620
-0.777579
-1.070720
-0.083126
-0.134273
-0.377916
-0.754941
-1.152447
-0.049750
-1.339080
-1.995780
-1.954897
-1.704099
-0.064116
-1.684814
-1.836336
-1.213335
-1.181629
-1.387049
-1.899843
-0.986374
-1.728775
-0.452130
-1.874734
-1.213748
-1.432003
-1.030485
-1.701175
-1.947782
-0.277368
-1.028902
-0.337611
-1.885108
-1.928166
-1.811186
-0.929678
-0.030054
-0.234537
-0.303112
-1.446422
-0.894674
-1.970970
-0.830756
-1.762224
-0.141322
-0.006141
-0.965339
-0.997141
-1.948533
-0.675915
-1.824006
-0.203601
-0.615547
-1.059647
-1.035837
-1.921575
-1.572526
-1.544458
-0.288099
-0.094809
-1.823234
-0.706121
-0.187133
-1.183416
-0.004394
-1.118383
-1.633404
-0.076343
-1.186802
-0.821605
-1.954785
-1.905372
-1.058802
-0.445460
-0.701307
-0.148055
-0.954152
-0.299613
-0.187890
-1.027394
-1.647365
-1.872414
-1.413254
-1.218087
-0.034088
-1.182626
-0.817310
-0.554311
-0.796019
-0.449909
-0.772106
-0.587321
-1.078131
-1.040408
-0.828884
-0.028983
-1.416662
-0.019465
-1.436076
-1.585534
-0.617036
-1.583489
-0.012674
-0.171952
-1.877034
-0.172469
-1.241124
-1.900476
-0.346949
-0.354809
-1.507042
-0.641087
-0.730952
-1.072776
-1.995134
-0.339418
-1.509857
-1.969131
-1.547136
-0.427592
-0.452075
-1.279481
-0.300693
-0.156484
-0.732879
-1.716703
-0.554058
-1.817395
-1.608511
-0.686006
-1.713744
-1.925456
-1.518972
-1.747012
-0.602181
-0.383908
-1.380279
-0.020612
-1.713792
-0.385370
-0.368637
-1.996974
-0.247369
-1.595546
-1.595231
-1.837811
-0.036838
-0.214769
-0.881281
-1.146918
-0.387162
-0.351532
-1.859484
-0.870184
-1.234177
-1.864734
-0.370742
-0.558749
-1.466067
-1.443848
-1.060996
-1.564127
-0.569584
-0.876433
-1.568990
-1.834666
-1.035820
-1.266093
-1.086692
-0.266921
-0.072476
-0.411344
-1.002362
-0.770832
-1.656130
-0.514954
-1.109349
-0.162212
-1.161540
-0.437373
-0.488163
-0.806180
-1.119367
-1.389508
-1.604911
-1.180589
-1.832858
-0.395489
-0.081816
-0.659677
-1.915693
-1.911492
-0.246224
-1.570158
-1.612694
-1.633826
-1.636333
-1.588717
-0.539859
-0.911029
-0.873186
-1.534225
-1.217456
-1.559815
-1.324731
-0.250031
-0.811452
-0.261936
-0.343493
-1.574125
-0.373414
-0.312371
-0.313660
-0.026921
-0.888803
-1.871136
-0.221571
-1.052477
-0.023429
-1.032534
-0.644251
-1.842508
-1.861989
-0.053933
-0.898963
-1.766348
-1.856682
-1.066635
-1.853613
-0.885723
-0.189295
-0.689177
-0.487128
-1.756052
-1.907626
-0.519289
-1.380268
-0.390790
-1.610478
-0.546653
-0.166336
-1.539305
-1.395352
-1.249595
-1.365492
-1.779144
-1.086492
-1.464513
-1.251230
-1.541364
-1.986301
-0.675362
-0.609680
-0.926464
-1.074640
-0.027048
-0.250241
-1.966031
-1.271323
-0.939142
-0.571509
-0.361126
-1.986855
-1.904356
-0.291674
-1.212781
-1.986999
-1.239265
-1.271182
-0.914737
-0.408449
-0.685408
-0.103751
-0.811526
-0.941834
-0.218520
-1.734177
-1.821526
-0.034988
-1.979374
-1.115034
-1.997355
-0.013380
-1.432835
-1.942164
-0.368634
-0.072243
-1.932839
-0.378521
-1.110611
-1.593227
-1.562464
-0.198418
-1.176924
-0.012177
-0.747762
-0.609955
-1.637676
-0.509394
-0.348011
-0.090401
-1.775016
-1.504738
-0.577850
-1.313878
-0.604662
-0.547935
-1.634821
-1.687833
-1.310016
-1.063410
-0.802773
-0.110316
-0.639172
-0.154051
-1.702624
-0.345785
-0.393880
-0.754178
-0.616435
-0.164008
-0.788677
-1.421680
-1.994990
-1.070810
-0.444788
-1.200024
-1.228656
-0.782385
-1.593476
-0.852504
-1.155032
-1.234824
-0.436379
-0.979899
-1.391280
-1.210730
-0.320548
-1.628644
-0.546355
-1.600751
-0.133227
-1.857738
-1.893239
-1.382702
-0.494916
-1.831261
-0.358977
-1.072357
-0.998279
-0.457263
-0.354325
-1.428767
-1.749916
-0.944014
-1.386908
-1.880950
-0.433141
-0.492083
-0.823125
-0.719694
-0.438370
-1.984327
-1.108979
-0.537138
-0.517516
-0.682174
-1.982895
-1.934410
-1.744422
-1.044012
-1.029991
-1.971544
-1.628058
-0.193738
-0.000363
-1.189986
-1.859168
-0.914777
-0.394166
-0.787351
-1.131207
-0.658240
-0.157165
-0.375057
-1.961324
-0.856196
-1.347191
-0.829512
-1.711082
-0.428728
-0.030920
-1.904942
-1.659382
-1.405861
-1.423286
-0.780742
-0.133678
-0.678865
-0.994992
-1.072209
-1.631095
-1.716246
-0.835186
-0.358435
-0.208687
-1.069607
-0.862183
-1.107266
-1.071007
-0.508538
-0.713242
-0.003165
-1.361980
-1.683173
-0.854580
-0.670599
-0.346192
-0.253581
-0.598534
-0.877450
-1.676682
-0.367081
-0.812301
-1.914871
-1.160998
-1.519592
-0.625485
-0.137276
-0.429970
-0.914579
-0.581126
-1.073233
-1.301420
-0.375760
-0.425256
-1.573702
-0.693604
-1.370312
-0.801298
-1.334174
-1.389853
-0.052781
-0.641373
-0.518024
-1.631363
-0.412409
-0.192875
-0.316531
-0.332040
-0.709534
-1.655925
-0.695893
-1.231100
-1.303225
-0.171527
-1.994624
-1.277946
-0.854771
-1.120287
-1.955128
-1.978738
-1.041086
-1.716333
-1.550404
-1.901742
-0.357353
-1.116728
-0.154322
-0.507115
-1.114055
-1.229137
-1.651302
-1.566000
-1.739682
-0.076385
-1.855842
-0.917407
-0.006753
-1.199389
-1.433622
-0.578209
-1.931666
-1.400416
-1.092743
-0.444076
-1.743515
-1.156863
-1.087086
-0.848918
-0.526717
-1.329496
-1.408472
-1.973576
-0.131584
-0.239423
-0.559171
-1.795960
-1.246907
-1.695042
-0.729039
-1.739680
-0.121900
-1.282714
-1.917931
-0.198664
-1.501542
-0.670920
-1.739227
-1.949980
-1.715065
